{
 "cells": [
  {
   "cell_type": "markdown",
   "metadata": {},
   "source": [
    "### operate linear algebra using linalg module"
   ]
  },
  {
   "cell_type": "code",
   "execution_count": 1,
   "metadata": {},
   "outputs": [],
   "source": [
    "import numpy as np"
   ]
  },
  {
   "cell_type": "markdown",
   "metadata": {},
   "source": [
    "### np.linalg.inv\n",
    "- To find inverse matrix"
   ]
  },
  {
   "cell_type": "code",
   "execution_count": 2,
   "metadata": {},
   "outputs": [
    {
     "name": "stdout",
     "output_type": "stream",
     "text": [
      "[[0.73299206 0.7031529  0.77940233]\n",
      " [0.80289273 0.05579181 0.19462089]\n",
      " [0.38911469 0.40247044 0.55929833]]\n"
     ]
    },
    {
     "data": {
      "text/plain": [
       "array([[ 0.75871111,  1.28133272, -1.50316079],\n",
       "       [ 6.01056328, -1.71761879, -7.77825045],\n",
       "       [-4.85304451,  0.34454852,  8.4309528 ]])"
      ]
     },
     "execution_count": 2,
     "metadata": {},
     "output_type": "execute_result"
    }
   ],
   "source": [
    "x = np.random.rand(3, 3)\n",
    "print(x)\n",
    "\n",
    "np.linalg.inv(x)"
   ]
  },
  {
   "cell_type": "code",
   "execution_count": 3,
   "metadata": {},
   "outputs": [
    {
     "data": {
      "text/plain": [
       "array([[ 1.00000000e+00, -6.45303856e-17, -1.06788892e-15],\n",
       "       [ 1.61152922e-17,  1.00000000e+00,  1.46153618e-17],\n",
       "       [ 1.30098539e-16, -2.72746922e-17,  1.00000000e+00]])"
      ]
     },
     "execution_count": 3,
     "metadata": {},
     "output_type": "execute_result"
    }
   ],
   "source": [
    "x @ np.linalg.inv(x)"
   ]
  },
  {
   "cell_type": "code",
   "execution_count": 4,
   "metadata": {},
   "outputs": [
    {
     "data": {
      "text/plain": [
       "array([[ 1.00000000e+00, -6.45303856e-17, -1.06788892e-15],\n",
       "       [ 1.61152922e-17,  1.00000000e+00,  1.46153618e-17],\n",
       "       [ 1.30098539e-16, -2.72746922e-17,  1.00000000e+00]])"
      ]
     },
     "execution_count": 4,
     "metadata": {},
     "output_type": "execute_result"
    }
   ],
   "source": [
    "np.matmul(x, np.linalg.inv(x))"
   ]
  },
  {
   "cell_type": "markdown",
   "metadata": {},
   "source": [
    "### np.linalg.solve\n",
    "- Ax = B shape linear algebra \n"
   ]
  },
  {
   "cell_type": "code",
   "execution_count": 6,
   "metadata": {},
   "outputs": [
    {
     "name": "stdout",
     "output_type": "stream",
     "text": [
      "[18.  7.]\n"
     ]
    },
    {
     "data": {
      "text/plain": [
       "True"
      ]
     },
     "execution_count": 6,
     "metadata": {},
     "output_type": "execute_result"
    }
   ],
   "source": [
    "A = np.array([[1,1], [2,4]])\n",
    "B = np.array([25,64])\n",
    "\n",
    "x = np.linalg.solve(A,B)\n",
    "print(x)\n",
    "\n",
    "np.allclose(A@x, B)"
   ]
  },
  {
   "cell_type": "code",
   "execution_count": null,
   "metadata": {},
   "outputs": [],
   "source": []
  }
 ],
 "metadata": {
  "kernelspec": {
   "display_name": "Python 3",
   "language": "python",
   "name": "python3"
  },
  "language_info": {
   "codemirror_mode": {
    "name": "ipython",
    "version": 3
   },
   "file_extension": ".py",
   "mimetype": "text/x-python",
   "name": "python",
   "nbconvert_exporter": "python",
   "pygments_lexer": "ipython3",
   "version": "3.7.4"
  }
 },
 "nbformat": 4,
 "nbformat_minor": 2
}
